ZA 24 SAMSON Blé 
[-47;-158] [-72;-239] [0;-275] [25;-208] 
ZA 101 ROUGE Tabac 
[0;125] [-38;146] [-60;115] [0;50]
ZA 111 REVIEUX Blé    
[-135;75] [-113;50] [-69;115] 
ZA 121 AMPLOI Blé 
[128;100] [146;171] [102;194] [55;100] [111;50]
ZA 134 MANAC'H Tournesol 
[150;-100] [195;-60] [150;-5] [104;-5] [104;-100]
ZA 152 AMPLOI Maïs 
[96;5] [111;50] [55;100] [30;50] [50;20] [50;5]
ZA 153 LEPOT Froment 
[50;-30] [0;-47] [-10;-47] [96;-94] [96;-5] [50;-5]
ZA 187 AMPLOI Pré 
[210;147] [250;250] [200;257] [152;178]
ZA 211 REVIEUX Tournesol 
[-47;300] [3;203] [50;203] [50;282]
ZA 239 LEPOT Maïs 
[-44;-147] [22;-194] [56;-150]
ZA 261 LEPOT Maïs 
[-150;-13] [-113;50] [-135;75] [-229;23] 
ZA 277 DUPUIS Tournesol 
[-109;198] [-41;158] [0;196]
ZA 287 MANAC'H Maïs 
[-121;203] [-6;203] [-53;300] [-100;287] 
ZA 298 DUPUIS Tabac 
[-19;-50] [-50;-5] [-100;-15] [-88;-80]
ZA 300 REVIEUX Froment 
[-88;-80] [-100;-15] [-146;-25] [-145;-100]
ZA 302 ROUGE Pré 
[-154;-146] [-154;-100] [-207;-100] [-200;-146]
ZA 303 MANAC'H Froment 
[-200;-146] [-207;-100] [-263;-100] [-250;-146]
ZA 305 MANAC'H Tabac 
[-121;203] [-100;287] [-217;257] 
ZA 314 REVIEUX Froment 
[-135;75] [-69;115] [-47;153] [-121;196] [-197;132] 
ZA 317 MANAC'H Pré 
[-154;-100] [-154;-26] [-220;-39] [-207;-100]
ZA 320 MANAC'H Maïs 
[-220;-39] [-275;-49] [-263;-100] [-207;-100]
ZA 328 MANAC'H Blé 
[56;-150] [93;-104] [-12;-56] [-44;-147]
ZA 333 DUPUIS Tournesol 
[175;50] [206;139] [153;169] [134;100]
ZA 341 SAMSON Tabac 
[-159;-18] [-230;17] [-300;47] [-277;-40] [-220;-31] 
ZA 342 AMPLOI Blé 
[-293;51] [-229;23] [-135;75] [-197;132] 
ZA 344 ROUGE Vigne 
[-200;135] [-268;172] [-300;53] 
ZA 345 DUPUIS Vigne 
[-268;172] [-200;135] [-127;199] [-226;255] [-250;250] 
ZA 388 SAMSON Tournesol 
[50;282] [50;203] [96;203] [132;269]
ZA 424 SAMSON Blé 
[-100;-145] [-55;-145] [-88;-80] [-145;-100] [-145;-145]
ZA 442 AMPLOI Maïs 
[104;5] [150;5] [175;50] [134;100] [119;50] 
ZA 443 DUPUIS Blé 
[-100;-154] [-150;-154] [-200;-154] [-250;-154] [-150;-200] 
ZA 444 AMPLOI Maïs 
[-82;-235] [-54;-154] [-100;-154] [-150;-200] 
ZA 491 REVIEUX Blé 
[-88;-80] [-55;-145] [-18;-50] 
ZA 501 PAUL Pré 
[25;-208] [0;-275] [50;-300] [113;-277] 
ZA 512 PAUL Maïs 
[30;-199] [124;-271] [150;-261] [150;-200] [64;-150] 
ZA 545 PAUL Maïs 
[47;105] [95;196] [50;196] [0;196] [-41;158] [0;134] 
ZA 655 LEPOT Blé 
[150;-200] [150;-100] [104;-100] [64;-150]
ZA 766 REVIEUX Blé 
[-105;50] [-50;50] [0;50] [-60;115] 
ZA 768 ROUGE Blé 
[200;257] [140;267] [104;203] [152;178]
ZA 811 ROUGE Maïs 
[-143;-16] [-100;-5] [-100;0] [-50;50] [-105;50] 
ZA 872 SAMSON Tournesol 
[45;100] [0;125] [0;50] [20;50]
ZAU 5 ROUGE 50 
[-100;-5] [-50;5] [0;50] [-50;50] [-100;0] 
ZU 1 DUPUIS 30 170
[-50;-5] [-19;-50] [-6;-5]
ZU 2 LEPOT 15 200
[4;-5] [-10;-47] [0;-47] [50;-30] [50;-5] 
ZU 3 AMPLOI 20 90
[5;5] [50;5] [50;20] [30;50] 
ZU 4 ROUGE 20 200
[-4;5] [20;50] [0;50] [-50;5] 
ZN 6 MANAC'H     
[300;-200] [195;-60] [150;-100] [150;-200] [150;-261]