ZU 17 Martin 55 1003
[0;30] [60;100] [0;100] 
ZAU 25 Robert 16 
[0;30] [80;30] [80;100] [60;100] 
ZA 42 Babin blé
[0;0] [80;0] [80;30] [0;30]
ZN 54 Savard 
[80;0] [100;0] [100;100] [80;100]

ZAU 5 ROUGE 50 
[-100;-5] [-50;5] [0;50] [-50;50] [-100;0] 
ZU 1 DUPUIS 30 170
[-50;-5] [-19;-50] [-6;-5]
ZU 2 LEPOT 15 200
[4;-5] [-10;-47] [0;-47] [50;-30] [50;-5] 
ZU 3 AMPLOI 20 90
[5;5] [50;5] [50;20] [30;50] 
ZU 4 ROUGE 20 200
[-4;5] [20;50] [0;50] [-50;5] 
ZN 6 MANAC'H 
[300;-200] [195;-60] [150;-100] [150;-200] [150;-261]